Date,Non indexées,Dans l'index,Impressions
2026-04-09,,,0
2026-04-10,4,1,3